Student	Date	Year	Months	Day	Position	Size	DOC_UiO	DOC_frac	frac_stdev	frac_DOC	pH	Cond	THg	MeHg	THg_DOC	MeHg_DOC	Abs_254	Abs_285	Abs_365	Abs_400	sUVa	SAR	sVISa	Labile	E2_E3	Biodeg_rate	Brate_stdev
Elena	15.09.2016	2016	September	15	Inlet	HMW	18.5	14.6017628	0.229272397	93.18291513	5.07	17.46	3.25	0.126	0.173240938	0.006716418	0.658	1.156	0.156	0.086	3.51	7.65	4.58	6.16	4.22		
Elena	15.09.2016	2016	September	15	Outlet	HMW	14.6	10.86033234	0.488527706	88.87342343	5.23	13.12	3.7	0.26	0.258199581	0.018143754	0.387	0.706	0.084	0.053	2.7	7.3	3.7	4.93	4.61		
Elena	25.01.2017	2017	January	25	Inlet	HMW	12.5	8.733682613	0.307631052	85.90225842	5.05	16.6	1.92	0.11	0.146118721	0.008371385	0.923	1.592	0.215	0.115	7.02	8.03	8.75	12.12	4.29		
Elena	25.01.2017	2017	January	25	Outlet	HMW	15.9	12.37761205	0.125107777	90.83152602	5.09	17.63	2.7	0.11	0.165036675	0.006723716	0.672	1.117	0.156	0.08	4.11	8.4	4.89	6.83	4.31		
Stevie	01.04.2017	2017	April	1	Inlet	HMW	11.55	9.274978024	0.292641328	89.74561894	4.91	19.18	2.68	0.029	0.232094916	0.002511475	0.699		0.163	0.088	6.05	7.94	7.62		4.29		
Stevie	01.04.2017	2017	April	1	Hypolimnion	HMW	12.11	8.972771235	0.03389684	92.1375303	5.33	15.19	2.95	0.07	0.243539998	0.005778915	0.764		0.181	0.1	6.31	7.64	8.26		4.22		
Stevie	01.04.2017	2017	April	1	Outlet	HMW	12.37	8.893793249	0.282632104	86.43460203	4.93	20.5	2.89	0.051	0.233648638	0.004123211	0.77		0.182	0.1	6.23	7.7	8.08		4.23		
Stevie	06.06.2017	2017	June	6	Inlet	HMW	14.09	10.14445115	0.340502761	89.14972705	4.86	17.69	3.32	0.044	0.235561232	0.003121896	0.937		0.225	0.123	6.65	7.62	8.73		4.16		
Stevie	06.06.2017	2017	June	6	Outlet	HMW	10.3	7.100025372	0.658745195	85.92694334	5.45	11.39	2.47	0.058	0.238808856	0.005607657	0.525		0.119	0.066	5.08	7.95	6.38		4.41		
Stevie	22.09.2017	2017	September	22	Inlet	HMW	22.4	15.97890444	0.458709164	89.18076837	4.74	19.71	2.78	0.028	0.124051763	0.001249442	0.927		0.225	0.124	4.14	7.48	5.53		4.12		
Stevie	22.09.2017	2017	September	22	Hypolimnion	HMW	11.1	8.247558137	0.372611053	88.33543608	5.71	9.8	2.38	0.094	0.213529517	0.008433519	0.617		0.154	0.088	5.54	7.01	7.9		4.01		
Stevie	22.09.2017	2017	September	22	Outlet	HMW	20.8	14.87550175	0.407435085	87.95868579	4.81	16.41	3.86	0.059	0.185782355	0.002839678	0.851		0.202	0.112	4.1	7.6	5.39		4.21		
Eline	29.05.2018	2018	May	29	Inlet	HMW	12.2	10.45698835	0.668493063	90.5366957	4.27	23.4	3.4		0.278688525		0.608	0.443333333	0.144	0.079	4.98	7.7	6.48	3.63	4.22		
Eline	29.05.2018	2018	May	29	Hypolimnion	HMW	9.66	6.536458274	0.661930498	73.10820367	3.19	15.36	3.1		0.320910973		0.428333333	0.308333333	0.0963	0.052	4.43	8.24	5.38	3.19	4.45		
Eline	29.05.2018	2018	May	29	Outlet	HMW	7.88	6.304678378	0.128497204	85.23291035	4.61	16.75					0.349	0.245666667	0.026	0.041	4.43	8.51	5.2	3.12	13.42		
Eline	20.09.2018	2018	September	20	Inlet	HMW	17.5	10.24468086	1.683344378	83.04253604	3.38		2.8		0.16		0.764	0.553333333	0.162	0.086	4.37	8.88	4.91	3.16	4.72		
Eline	20.09.2018	2018	September	20	Hypolimnion	HMW	9.6	8.251554241	0.254598757	86.50636959	3.18		3.7		0.385416667		0.458	0.329	0.102	0.055	4.77	8.33	5.73	3.43	4.49		
Eline	20.09.2018	2018	September	20	Outlet	HMW	13.5	14.718832	0.724280675	86.87093451	3.24		3		0.222222222		0.571	0.405333333	0.121	0.064	4.23	8.92	4.74	3	4.72		
Eline	17.10.2018	2018	October	17	Inlet	HMW	18.1	11.06858217	0.465991015	85.27413076	4.3	25.5	2.8		0.154696133		0.863	0.629333333	0.198	0.105	4.77	8.22	5.8	3.48	4.36		
Eline	17.10.2018	2018	October	17	Hypolimnion	HMW	13.84	11.20470673	0.172313274	88.36519505	3.94	36.1	3.9		0.281791908		0.641	0.456333333	0.143	0.078333	4.63	8.18	5.66	3.3	4.48		
Eline	17.10.2018	2018	October	17	Outlet	HMW	14.1	13.40855057	0.862674675	90.19204417	4.01	29.9	3.7		0.262411348		0.623	0.443666667	0.14	0.076	4.42	8.2	5.39	3.15	4.45		
Sarah	21.05.2019	2019	May	21	Inlet	HMW	14.63	12.19492532	0.074984912	96.42798088	4.79	8.09	3.867	0.065	0.2416875	0.0040625	0.68	0.502	0.163	0.089	4.25	7.64	5.56	3.14	4.17		
Sarah	21.05.2019	2019	May	21	Hypolimnion	HMW	10.23	8.526991777	0.102745575	92.22357535	5.19	5.93	2.911	0.101	0.242583333	0.008416667	0.466	0.338	0.111	0.062	3.88	7.52	5.17	2.82	4.2		
Sarah	21.05.2019	2019	May	21	Outlet	HMW	10.63	8.777070973	0.03817153	95.06882666	5.33	5.81	3.509	0.067	0.307807018	0.005877193	0.472	0.34	0.111	0.062	4.14	7.61	5.44	2.98	4.25		
Sarah	07.06.2019	2019	June	7	Inlet	HMW	18.8	15.03103087		92.78414115	4.43	11.03	6.331	0.076	0.336755319	0.004042553	0.858	0.633	0.201	0.108	4.56	7.94	5.74	3.37	4.27		
Sarah	07.06.2019	2019	June	7	Hypolimnion	HMW	10.3	8.295643678		90.53414469	4.97	6.4	4.125	0.118	0.400485437	0.011456311	0.483	0.35	0.115	0.064	4.69	7.55	6.21	3.4	4.2		
Sarah	07.06.2019	2019	June	7	Outlet	HMW	10.28	8.112363283		85.65477017	5.33	6.09	3.41	0.084	0.331712062	0.008171206	0.465	0.335	0.107	0.06	4.52	7.75	5.84	3.26	4.35		
Elena	15.09.2016	2016	September	15	Inlet	LMW	4.4	1.068237199	0.240434737	6.81708487	5.05	14.55	0.12	0.003	0.032876712	0.000821918	0.024	0.064	0.004	0.002	0.66	12	0.55	1.75	6		
Elena	15.09.2016	2016	September	15	Outlet	LMW	6.3	1.359667657	0.388074705	11.12657657	5.22	10.96	0.66	0.003	0.120437956	0.000547445	0.021	0.041	0.003	0.001	0.38	21	0.18	0.75	7		
Elena	25.01.2017	2017	January	25	Inlet	LMW	6.2	1.433317387	0.264069485	14.09774158	5.1	13.58	0.39	0.01	0.079268293	0.00203252	0.121	0.25	0.022	0.011	2.46	11	2.24	5.08	5.5		
Elena	25.01.2017	2017	January	25	Outlet	LMW	4.6	1.24938795	0.159960707	9.168473984	5.12	14.2	0.3	0.01	0.069444444	0.002314815	0.209	0.362	0.04	0.02	4.84	10.45	4.63	8.38	5.23		
Stevie	01.04.2017	2017	April	1	Inlet	LMW	4.4	1.05976381	0.28252347	10.25438106	5.31	9.92	0.62	0.007	0.142234457	0.001605873	0.213		0.044	0.023	4.89	9.26	5.28		4.84		
Stevie	01.04.2017	2017	April	1	Hypolimnion	LMW	3.4	0.765683015	0.10315406	7.8624697	5.67	8.27	0.34	0.014	0.1	0.004117647	0.164		0.03	0.015	4.82	10.93	4.41		5.47		
Stevie	01.04.2017	2017	April	1	Outlet	LMW	5.28	1.395828084	0.133131926	13.56539797	5.3	11.82	0.66	0.021	0.125023679	0.003978026	0.267		0.054	0.028	5.06	9.54	5.3		4.94		
Stevie	06.06.2017	2017	June	6	Inlet	LMW	6.1	1.234665182	0.36858201	10.85027295	5.31	8.43	0.83	0.016	0.136020977	0.002622091	0.277		0.058	0.03	4.54	9.23	4.92		4.78		
Stevie	06.06.2017	2017	June	6	Outlet	LMW	6.4	1.162837353	0.330865799	14.07305666	5.64	8.21	1.08	0.025	0.169571361	0.003925263	0.301		0.064	0.034	4.73	8.85	5.34		4.7		
Stevie	22.09.2017	2017	September	22	Inlet	LMW	7.9	1.93852858	0.353889349	10.81923163	5.1	9.07	0.77	0.007	0.097468354	0.000886076	0.279		0.06	0.032	3.53	8.72	4.05		4.65		
Stevie	22.09.2017	2017	September	22	Hypolimnion	LMW	4	1.089077875	0.319523623	11.66456392	5.9	5.74	0.48	0.02	0.12	0.005	0.173		0.036	0.019	4.33	9.11	4.75		4.81		
Stevie	22.09.2017	2017	September	22	Outlet	LMW	9.2	2.036417314	0.319296957	12.04131421	5.2	8.33	1.13	0.024	0.122413606	0.002599935	0.307		0.064	0.034	3.33	9.03	3.68		4.8		
Eline	29.05.2018	2018	May	29	Inlet	LMW	3.77	1.093011646	0.310909373	9.463304297	4.56	16.13	1.8		0.477453581		0.137	0.095	0.027	0.014	3.63	9.79	3.71	2.52	5.07		
Eline	29.05.2018	2018	May	29	Hypolimnion	LMW	5.48	2.404341726	0.612599041	26.89179633	3.31	120.2	1.5		0.273722628		0.198	0.137	0.038	0.019	3.61	10.42	3.47	2.5	5.21		
Eline	29.05.2018	2018	May	29	Outlet	LMW	3.89	1.092321622	0.070463076	14.76708965	4.75	10.29	1.4		0.359897172		0.139	0.095	0.075	0.013	3.57	10.69	3.34	2.44	1.85		
Eline	20.09.2018	2018	September	20	Inlet	LMW	8	2.091985804	1.141326167	16.95746396	3.36		1.4		0.175		0.273	0.189666667	0.05	0.025	3.41	10.92	3.13	2.37	5.46		
Eline	20.09.2018	2018	September	20	Hypolimnion	LMW	4.79	1.287112426	0.235704231	13.49363041	3.36		0.5		0.104384134		0.165	0.113	0.029	0.01433	3.44	11.51	2.99	2.36	5.69		
Eline	20.09.2018	2018	September	20	Outlet	LMW	6.9	2.22450133	0.436859181	13.12906549	3.56		0.5		0.072463768		0.235	0.16	0.042	0.021	3.41	11.19	3.04	2.32	5.6		
Eline	17.10.2018	2018	October	17	Inlet	LMW	5.2	1.911417827	0.554870835	14.72586924	4.47	13.58	0.4		0.076923077		0.175	0.119333333	0.032	0.016	3.37	10.94	3.08	2.29	5.47		
Eline	17.10.2018	2018	October	17	Hypolimnion	LMW	5.16	1.475293268	0.408026918	11.63480495	4.17	22.4	0.4		0.07751938		0.18	0.18	0.032	0.016	3.49	11.25	3.1	3.49	5.63		
Eline	17.10.2018	2018	October	17	Outlet	LMW	6.4	1.458116101	0.34940058	9.807955833	3.9	33.6	0.4		0.0625		0.237	0.159666667	0.043	0.021	3.7	11.29	3.28	2.49	5.51		
Sarah	21.05.2019	2019	May	21	Inlet	LMW	2.17	0.451741352	0.059907719	3.572019122	5.8	2.23	0.377	0.008	0.17952381	0.003809524	0.055	0.037	0.01	0.005	2.62	11	2.38	1.76	5.5		
Sarah	21.05.2019	2019	May	21	Hypolimnion	LMW	3.543	0.719008223	0.149415147	7.776424651	5.71	3.2	0.926	0.029	0.319310345	0.01	0.123	0.085	0.024	0.012	4.24	10.25	4.14	2.93	5.13		
Sarah	21.05.2019	2019	May	21	Outlet	LMW	2.49	0.45526236	0.116617067	4.931173341	5.96	2.8	0.501	0.015	0.238571429	0.007142857	0.069	0.046	0.012	0.005	3.29	13.8	2.38	2.19	5.75		
Sarah	07.06.2019	2019	June	7	Inlet	LMW	3.83	1.168969134		7.21585885	5.07	3.38	0.674	0.017	0.176071055	0.004440961	0.116	0.079	0.021	0.01	3.03	11.6	2.61	2.06	5.52		
Sarah	07.06.2019	2019	June	7	Hypolimnion	LMW	3.22	0.867356322		9.465855308	5.32	3.32	0.591	0.015	0.183540373	0.004658385	0.089	0.061	0.017	0.009	2.76	9.89	2.8	1.89	5.24		
Sarah	07.06.2019	2019	June	7	Outlet	LMW	5.17	1.358636717		14.34522983	5.75	3.68	1.213	0.036	0.234849952	0.00696999	0.154	0.106	0.03	0.015	2.98	10.27	2.9	2.05	5.13		
